$(function(){

    $(".sticky-content").sticky({
        topSpacing: 50,
        zIndex: 2,
        stopper: "#footer",
    });

});


$(function () {
    $(document).tooltip();
});


var tabStandard = [
    [1112.4,1135.2,1158,1180.8,1203.6,1226.4,1249.2,1272,1294.8,1317.6,1340.4,1363.2,1386,1408.8,1431.6,1454.4,1477.2,1500,1522.8,1545.6,1568.4,1591.2,1614,1636.8,1659.6,1682.4,1705.2,1728,1750.8,1773.6,1796.4],
    [1135.2,1159.2,1183.2,1207.2,1231.2,1255.2,1279.2,1303.2,1327.2,1351.2,1375.2,1399.2,1423.2,1447.2,1471.2,1495.2,1519.2,1543.2,1567.2,1591.2,1615.2,1639.2,1663.2,1687.2,1711.2,1735.2,1759.2,1783.2,1807.2,1831.2,1855.2],
    [1158,1183.2,1208.4,1233.6,1258.8,1284,1309.2,1334.4,1359.6,1384.8,1410,1435.2,1460.4,1485.6,1510.8,1536,1561.2,1586.4,1611.6,1636.8,1662,1687.2,1712.4,1737.6,1762.8,1788,1813.2,1838.4,1863.6,1888.8,1914],
    [1180.8,1207.2,1233.6,1260,1286.4,1312.8,1339.2,1365.6,1392,1418.4,1444.8,1471.2,1497.6,1524,1550.4,1576.8,1603.2,1629.6,1656,1682.4,1708.8,1735.2,1761.6,1788,1814.4,1840.8,1867.2,1893.6,1920,1946.4,1972.8],
    [1203.6,1231.2,1258.8,1286.4,1314,1341.6,1369.2,1396.8,1424.4,1452,1479.6,1507.2,1534.8,1562.4,1590,1617.6,1645.2,1672.8,1700.4,1728,1755.6,1783.2,1810.8,1838.4,1866,1893.6,1921.2,1948.8,1976.4,2004,2031.6],
    [1226.4,1255.2,1284,1312.8,1341.6,1370.4,1399.2,1428,1456.8,1485.6,1514.4,1543.2,1572,1600.8,1629.6,1658.4,1687.2,1716,1744.8,1773.6,1802.4,1831.2,1860,1888.8,1917.6,1946.4,1975.2,2004,2032.8,2061.6,2090.4],
    [1249.2,1279.2,1309.2,1339.2,1369.2,1399.2,1429.2,1459.2,1489.2,1519.2,1549.2,1579.2,1609.2,1639.2,1669.2,1699.2,1729.2,1759.2,1789.2,1819.2,1849.2,1879.2,1909.2,1939.2,1969.2,1999.2,2029.2,2059.2,2089.2,2119.2,2149.2],
    [1272,1303.2,1334.4,1365.6,1396.8,1428,1459.2,1490.4,1521.6,1552.8,1584,1615.2,1646.4,1677.6,1708.8,1740,1771.2,1802.4,1833.6,1864.8,1896,1927.2,1958.4,1989.6,2020.8,2052,2083.2,2114.4,2145.6,2176.8,2208],
    [1294.8,1327.2,1359.6,1392,1424.4,1456.8,1489.2,1521.6,1554,1586.4,1618.8,1651.2,1683.6,1716,1748.4,1780.8,1813.2,1845.6,1878,1910.4,1942.8,1975.2,2007.6,2040,2072.4,2104.8,2137.2,2169.6,2202,2234.4,2266.8],
    [1317.6,1351.2,1384.8,1418.4,1452,1485.6,1519.2,1552.8,1586.4,1620,1653.6,1687.2,1720.8,1754.4,1788,1821.6,1855.2,1888.8,1922.4,1956,1989.6,2023.2,2056.8,2090.4,2124,2157.6,2191.2,2224.8,2258.4,2292,2325.6],
    [1340.4,1375.2,1410,1444.8,1479.6,1514.4,1549.2,1584,1618.8,1653.6,1688.4,1723.2,1758,1792.8,1827.6,1862.4,1897.2,1932,1966.8,2001.6,2036.4,2071.2,2106,2140.8,2175.6,2210.4,2245.2,2280,2314.8,2349.6,2384.4],
    [1363.2,1399.2,1435.2,1471.2,1507.2,1543.2,1579.2,1615.2,1651.2,1687.2,1723.2,1759.2,1795.2,1831.2,1867.2,1903.2,1939.2,1975.2,2011.2,2047.2,2083.2,2119.2,2155.2,2191.2,2227.2,2263.2,2299.2,2335.2,2371.2,2407.2,2443.2],
    [1386,1423.2,1460.4,1497.6,1534.8,1572,1609.2,1646.4,1683.6,1720.8,1758,1795.2,1832.4,1869.6,1906.8,1944,1981.2,2018.4,2055.6,2092.8,2130,2167.2,2204.4,2241.6,2278.8,2316,2353.2,2390.4,2427.6,2464.8,2502],
    [1408.8,1447.2,1485.6,1524,1562.4,1600.8,1639.2,1677.6,1716,1754.4,1792.8,1831.2,1869.6,1908,1946.4,1984.8,2023.2,2061.6,2100,2138.4,2176.8,2215.2,2253.6,2292,2330.4,2368.8,2407.2,2445.6,2484,2522.4,2560.8],
    [1431.6,1471.2,1510.8,1550.4,1590,1629.6,1669.2,1708.8,1748.4,1788,1827.6,1867.2,1906.8,1946.4,1986,2025.6,2065.2,2104.8,2144.4,2184,2223.6,2263.2,2302.8,2342.4,2382,2421.6,2461.2,2500.8,2540.4,2580,2619.6],
    [1454.4,1495.2,1536,1576.8,1617.6,1658.4,1699.2,1740,1780.8,1821.6,1862.4,1903.2,1944,1984.8,2025.6,2066.4,2107.2,2148,2188.8,2229.6,2270.4,2311.2,2352,2392.8,2433.6,2474.4,2515.2,2556,2596.8,2637.6,2678.4],
    [1477.2,1519.2,1561.2,1603.2,1645.2,1687.2,1729.2,1771.2,1813.2,1855.2,1897.2,1939.2,1981.2,2023.2,2065.2,2107.2,2149.2,2191.2,2233.2,2275.2,2317.2,2359.2,2401.2,2443.2,2485.2,2527.2,2569.2,2611.2,2653.2,2695.2,2737.2],
    [1500,1543.2,1586.4,1629.6,1672.8,1716,1759.2,1802.4,1845.6,1888.8,1932,1975.2,2018.4,2061.6,2104.8,2148,2191.2,2234.4,2277.6,2320.8,2364,2407.2,2450.4,2493.6,2536.8,2580,2623.2,2666.4,2709.6,2752.8,2796],
    [1522.8,1567.2,1611.6,1656,1700.4,1744.8,1789.2,1833.6,1878,1922.4,1966.8,2011.2,2055.6,2100,2144.4,2188.8,2233.2,2277.6,2322,2366.4,2410.8,2455.2,2499.6,2544,2588.4,2632.8,2677.2,2721.6,2766,2810.4,2854.8],
    [1545.6,1591.2,1636.8,1682.4,1728,1773.6,1819.2,1864.8,1910.4,1956,2001.6,2047.2,2092.8,2138.4,2184,2229.6,2275.2,2320.8,2366.4,2412,2457.6,2503.2,2548.8,2594.4,2640,2685.6,2731.2,2776.8,2822.4,2868,2913.6],
    [1568.4,1615.2,1662,1708.8,1755.6,1802.4,1849.2,1896,1942.8,1989.6,2036.4,2083.2,2130,2176.8,2223.6,2270.4,2317.2,2364,2410.8,2457.6,2504.4,2551.2,2598,2644.8,2691.6,2738.4,2785.2,2832,2878.8,2925.6,2972.4],
    [1591.2,1639.2,1687.2,1735.2,1783.2,1831.2,1879.2,1927.2,1975.2,2023.2,2071.2,2119.2,2167.2,2215.2,2263.2,2311.2,2359.2,2407.2,2455.2,2503.2,2551.2,2599.2,2647.2,2695.2,2743.2,2791.2,2839.2,2887.2,2935.2,2983.2,3031.2]
];
vartabCouleur  =
    [
    [1268.35,1299.36,1330.37,1361.38,1392.38,1423.39,1454.40,1485.41,1516.42,1547.42,1578.43,1609.44,1640.45,1671.46,1702.46,1733.47,1764.48,1795.49,1826.50,1857.50,1888.51,1919.52,1950.53,1981.54,2012.54,2043.55,2074.56,2105.57,2136.58,2167.58,2198.59],
    [1299.36,1332.00,1364.64,1397.28,1429.92,1462.56,1495.20,1527.84,1560.48,1593.12,1625.76,1658.40,1691.04,1723.68,1756.32,1788.96,1821.60,1854.24,1886.88,1919.52,1952.16,1984.80,2017.44,2050.08,2082.72,2115.36,2148.00,2180.64,2213.28,2245.92,2278.56],
    [1330.37,1364.64,1398.91,1433.18,1467.46,1501.73,1536.00,1570.27,1604.54,1638.82,1673.09,1707.36,1741.63,1775.90,1810.18,1844.45,1878.72,1912.99,1947.26,1981.54,2015.81,2050.08,2084.35,2118.62,2152.90,2187.17,2221.44,2255.71,2289.98,2324.26,2358.53],
    [1361.38,1397.28,1433.18,1469.09,1504.99,1540.90,1576.80,1612.70,1648.61,1684.51,1720.42,1756.32,1792.22,1828.13,1864.03,1899.94,1935.84,1971.74,2007.65,2043.55,2079.46,2115.36,2151.26,2187.17,2223.07,2258.98,2294.88,2330.78,2366.69,2402.59,2438.50],
    [1392.38,1429.92,1467.46,1504.99,1542.53,1580.06,1617.60,1655.14,1692.67,1730.21,1767.74,1805.28,1842.82,1880.35,1917.89,1955.42,1992.96,2030.50,2068.03,2105.57,2143.10,2180.64,2218.18,2255.71,2293.25,2330.78,2368.32,2405.86,2443.39,2480.93,2518.46],
    [1423.39,1462.56,1501.73,1540.90,1580.06,1619.23,1658.40,1697.57,1736.74,1775.90,1815.07,1854.24,1893.41,1932.58,1971.74,2010.91,2050.08,2089.25,2128.42,2167.58,2206.75,2245.92,2285.09,2324.26,2363.42,2402.59,2441.76,2480.93,2520.10,2559.26,2598.43],
    [1454.40,1495.20,1536.00,1576.80,1617.60,1658.40,1699.20,1740.00,1780.80,1821.60,1862.40,1903.20,1944.00,1984.80,2025.60,2066.40,2107.20,2148.00,2188.80,2229.60,2270.40,2311.20,2352.00,2392.80,2433.60,2474.40,2515.20,2556.00,2596.80,2637.60,2678.40],
    [1485.41,1527.84,1570.27,1612.70,1655.14,1697.57,1740.00,1782.43,1824.86,1867.30,1909.73,1952.16,1994.59,2037.02,2079.46,2121.89,2164.32,2206.75,2249.18,2291.62,2334.05,2376.48,2418.91,2461.34,2503.78,2546.21,2588.64,2631.07,2673.50,2715.94,2758.37],
    [1516.42,1560.48,1604.54,1648.61,1692.67,1736.74,1780.80,1824.86,1868.93,1912.99,1957.06,2001.12,2045.18,2089.25,2133.31,2177.38,2221.44,2265.50,2309.57,2353.63,2397.70,2441.76,2485.82,2529.89,2573.95,2618.02,2662.08,2706.14,2750.21,2794.27,2838.34],
    [1547.42,1593.12,1638.82,1684.51,1730.21,1775.90,1821.60,1867.30,1912.99,1958.69,2004.38,2050.08,2095.78,2141.47,2187.17,2232.86,2278.56,2324.26,2369.95,2415.65,2461.34,2507.04,2552.74,2598.43,2644.13,2689.82,2735.52,2781.22,2826.91,2872.61,2918.30],
    [1578.43,1625.76,1673.09,1720.42,1767.74,1815.07,1862.40,1909.73,1957.06,2004.38,2051.71,2099.04,2146.37,2193.70,2241.02,2288.35,2335.68,2383.01,2430.34,2477.66,2524.99,2572.32,2619.65,2666.98,2714.30,2761.63,2808.96,2856.29,2903.62,2950.94,2998.27],
    [1609.44,1658.40,1707.36,1756.32,1805.28,1854.24,1903.20,1952.16,2001.12,2050.08,2099.04,2148.00,2196.96,2245.92,2294.88,2343.84,2392.80,2441.76,2490.72,2539.68,2588.64,2637.60,2686.56,2735.52,2784.48,2833.44,2882.40,2931.36,2980.32,3029.28,3078.24],
    [1640.45,1691.04,1741.63,1792.22,1842.82,1893.41,1944.00,1994.59,2045.18,2095.78,2146.37,2196.96,2247.55,2298.14,2348.74,2399.33,2449.92,2500.51,2551.10,2601.70,2652.29,2702.88,2753.47,2804.06,2854.66,2905.25,2955.84,3006.43,3057.02,3107.62,3158.21],
    [1671.46,1723.68,1775.90,1828.13,1880.35,1932.58,1984.80,2037.02,2089.25,2141.47,2193.70,2245.92,2298.14,2350.37,2402.59,2454.82,2507.04,2559.26,2611.49,2663.71,2715.94,2768.16,2820.38,2872.61,2924.83,2977.06,3029.28,3081.50,3133.73,3185.95,3238.18],
    [1702.46,1756.32,1810.18,1864.03,1917.89,1971.74,2025.60,2079.46,2133.31,2187.17,2241.02,2294.88,2348.74,2402.59,2456.45,2510.30,2564.16,2618.02,2671.87,2725.73,2779.58,2833.44,2887.30,2941.15,2995.01,3048.86,3102.72,3156.58,3210.43,3264.29,3318.14],
    [1733.47,1788.96,1844.45,1899.94,1955.42,2010.91,2066.40,2121.89,2177.38,2232.86,2288.35,2343.84,2399.33,2454.82,2510.30,2565.79,2621.28,2676.77,2732.26,2787.74,2843.23,2898.72,2954.21,3009.70,3065.18,3120.67,3176.16,3231.65,3287.14,3342.62,3398.11],
    [1764.48,1821.60,1878.72,1935.84,1992.96,2050.08,2107.20,2164.32,2221.44,2278.56,2335.68,2392.80,2449.92,2507.04,2564.16,2621.28,2678.40,2735.52,2792.64,2849.76,2906.88,2964.00,3021.12,3078.24,3135.36,3192.48,3249.60,3306.72,3363.84,3420.96,3478.08],
    [1795.49,1854.24,1912.99,1971.74,2030.50,2089.25,2148.00,2206.75,2265.50,2324.26,2383.01,2441.76,2500.51,2559.26,2618.02,2676.77,2735.52,2794.27,2853.02,2911.78,2970.53,3029.28,3088.03,3146.78,3205.54,3264.29,3323.04,3381.79,3440.54,3499.30,3558.05],
    [1826.50,1886.88,1947.26,2007.65,2068.03,2128.42,2188.80,2249.18,2309.57,2369.95,2430.34,2490.72,2551.10,2611.49,2671.87,2732.26,2792.64,2853.02,2913.41,2973.79,3034.18,3094.56,3154.94,3215.33,3275.71,3336.10,3396.48,3456.86,3517.25,3577.63,3638.02],
    [1857.50,1919.52,1981.54,2043.55,2105.57,2167.58,2229.60,2291.62,2353.63,2415.65,2477.66,2539.68,2601.70,2663.71,2725.73,2787.74,2849.76,2911.78,2973.79,3035.81,3097.82,3159.84,3221.86,3283.87,3345.89,3407.90,3469.92,3531.94,3593.95,3655.97,3717.98],
    [1888.51,1952.16,2015.81,2079.46,2143.10,2206.75,2270.40,2334.05,2397.70,2461.34,2524.99,2588.64,2652.29,2715.94,2779.58,2843.23,2906.88,2970.53,3034.18,3097.82,3161.47,3225.12,3288.77,3352.42,3416.06,3479.71,3543.36,3607.01,3670.66,3734.30,3797.95],
    [1919.52,1984.80,2050.08,2115.36,2180.64,2245.92,2311.20,2376.48,2441.76,2507.04,2572.32,2637.60,2702.88,2768.16,2833.44,2898.72,2964.00,3029.28,3094.56,3159.84,3225.12,3290.40,3355.68,3420.96,3486.24,3551.52,3616.80,3682.08,3747.36,3812.64,3877.92]
];

function hublotAffiche() {

    if ($("input[name='hublot']:checked").val()=='hublot rectangulaire') {
        document.getElementById("hQte").style.display = "inline-block";
        document.getElementById("hQte1").style.display = "none";
        document.getElementById("hQte2").style.display = "none";
    } else if ($("input[name='hublot']:checked").val()=='hublot ovale') {
        document.getElementById("hQte1").style.display = "inline-block";
        document.getElementById("hQte").style.display = "none";
        document.getElementById("hQte2").style.display = "none";
    } else if (($("input[name='hublot']:checked").val()=='ventilation')) {
        document.getElementById("hQte2").style.display = "inline-block";
    document.getElementById("hQte").style.display = "none";
    document.getElementById("hQte1").style.display = "none";
    }



}


        function afficheAcce() {

    var motor = $("input[name='motorisation']:checked").val();

    if (motor == 'Oui')
        document.getElementById("accessId").style.display = "block";
    else
        document.getElementById("accessId").style.display = "none";

}

function afficheSecur() {


    var portillon = $("input[name='portillon']:checked").val();

    console.log(portillon +'je suis portillon');
    var motorisation = $("input[name='motorisation']:checked").val();

    console.log(motorisation +'je suis motor');

    if (motorisation == 'Oui' && portillon == 'true') {


        document.getElementById("securiteId").style.display = "block";


    }

    if (portillon == 'true' && motorisation == 'Oui') {


        document.getElementById("securiteId").style.display = "block";

    }
    if (motorisation == 'Non' && portillon == 'Non') {

        document.getElementById("securiteId").style.display = "none";


    }
    if (portillon == 'true' && motorisation == 'Non') {


        document.getElementById("securiteId").style.display = "none";


    }


    if (motorisation == 'Oui' && portillon == 'Non') {

        document.getElementById("securiteId").style.display = "none";

    }

    if (motorisation == 'Oui' && portillon == 'true') {
        document.getElementById("securiteId").style.display = "block";
    }

    if (portillon == 'Non' && motorisation == 'Oui') {
        document.getElementById("securiteId").style.display = "none";
    }
    if (motorisation == 'Non' && portillon == 'Non') {
        document.getElementById("securiteId").style.display = "none";
    }
}


//function portillonInsert() {

//  var port = $("input[name='portillon']:checked").val();

/*  if (port = 'Portillon Porte Sectionnelle Verticale') {
      document.getElementById("divClr").style.display = "none";
      document.getElementById("divClr1").style.display = "block";
      document.getElementById("divClr1").style.backgroundColor = document.getElementById("divClr").style.backgroundColor;

  } else if (port = 'Non') {
      document.getElementById("divClr1").style.display = "none";
  }


  /*for (i = 0; i < document.formulaire.modele.length; i++) {
      if (document.formulaire.modele[i].checked) {
          valeur = document.formulaire.modele[i].value;
*/

/*  var valeur = '';

  if (valeur == 'Rainures horizontales') {

      document.getElementById("couleur1").style.display = "block";
      document.getElementById("couleur2").style.display = "block";
      document.getElementById("couleur3").style.display = "block";
      document.getElementById("couleur4").style.display = "block";
      document.getElementById("couleur5").style.display = "block";
      document.getElementById("couleur6").style.display = "block";
      document.getElementById("couleur7").style.display = "block";
      document.getElementById("couleur8").style.display = "block";
      document.getElementById("divClr1").style.display = "block";
      document.getElementById("divClr1").style.display = "block";
      document.getElementById("divClr1").style.backgroundColor = "#ffffFF";
      $("#imgModele1").attr('src', 'img/DOUBLE.png');
  }


  if (valeur == 'Lisse') {
      document.getElementById("couleur4").style.display = "none";
      document.getElementById("couleur5").style.display = "none";
      document.getElementById("couleur6").style.display = "none";
      document.getElementById("couleur7").style.display = "none";
      document.getElementById("couleur8").style.display = "none";
      document.getElementById("couleur1").style.display = "block";
      document.getElementById("couleur2").style.display = "block";
      document.getElementById("couleur3").style.display = "block";
      document.getElementById("divClr").style.display = "none";
      document.getElementById("divClr1").style.display = "block";
      document.getElementById("divClr1").style.backgroundColor = "#ffffFF";
      $("#imgModele1").attr('src', 'img/lissePort.jpg');

  }
  if (valeur == 'Cassette') {

      document.getElementById("couleur2").style.display = "none";
      document.getElementById("couleur3").style.display = "none";
      document.getElementById("couleur4").style.display = "none";
      document.getElementById("couleur5").style.display = "none";
      document.getElementById("couleur6").style.display = "none";
      document.getElementById("couleur7").style.display = "none";
      document.getElementById("couleur8").style.display = "none";
      document.getElementById("couleur1").style.display = "block";
      document.getElementById("divClr").style.display = "none";
      document.getElementById("divClr1").style.display = "block";
      document.getElementById("divClr1").style.backgroundColor = "#ffffFF";
      $("#imgModele1").attr('src', 'img/casettePort.jpg');


  }
  if (valeur == 'Monorainure') {
      document.getElementById("couleur2").style.display = "none";
      document.getElementById("couleur3").style.display = "none";
      document.getElementById("couleur4").style.display = "none";
      document.getElementById("couleur5").style.display = "none";
      document.getElementById("couleur6").style.display = "none";
      document.getElementById("couleur7").style.display = "none";
      document.getElementById("couleur8").style.display = "none";
      document.getElementById("couleur1").style.display = "block";
      document.getElementById("divClr").style.display = "none";
      document.getElementById("divClr1").style.display = "block";
      document.getElementById("divClr1").style.backgroundColor = "#ffffFF";
      $("#imgModele1").attr('src', 'img/rainurePort.JPG');
  }


}
*/
function portillonaffiche(){
    var portillon = $("input[name='portillon']:checked").val();
    if(portillon=='true'){
        document.getElementById("portillon").style.display="block";
    }else{
        document.getElementById("portillon").style.display="none";
    }
}
function changeCouleur() {

    var couleur = $("input[name='couleur']:checked").val();


    if (couleur == '') {

        //document.body.style.backgroundColor ="#ffffff";
        document.getElementById("divClr").style.backgroundColor = "#ffffFF";
        document.getElementById("divClr1").style.backgroundColor = "#ffffFF";
        document.getElementById("divClr2").style.backgroundColor = "#ffffFF";
        document.getElementById("divClr3").style.backgroundColor = "#ffffFF";
        document.getElementById("divClr4").style.backgroundColor = "#ffffFF";
        document.getElementById("divClr5").style.backgroundColor = "#ffffFF";

    }

    if (couleur == 'blanc') {
        //  document.getElementById("divClr").style.display = "block";
        document.getElementById("divClr").style.backgroundColor = "#ffffFF";
        //  document.body.style.backgroundImage = "url('')";
        // document.body.style.backgroundColor ="#ffffff";
        document.getElementById("divClr1").style.backgroundColor = "#ffffFF";
        document.getElementById("divClr2").style.backgroundColor = "#ffffFF";
        document.getElementById("divClr3").style.backgroundColor = "#ffffFF";
        document.getElementById("divClr4").style.backgroundColor = "#ffffFF";
        document.getElementById("divClr5").style.backgroundColor = "#ffffFF";


    } else if (couleur == 'gris') {
        // document.getElementById("divClr").style.display = "block";
        document.getElementById("divClr").style.backgroundColor = "#3d3e43";
        document.getElementById("divClr1").style.backgroundColor = "#3d3e43";
        document.getElementById("divClr2").style.backgroundColor = "#3d3e43";
        document.getElementById("divClr3").style.backgroundColor = "#3d3e43";
        document.getElementById("divClr4").style.backgroundColor = "#3d3e43";
        document.getElementById("divClr5").style.backgroundColor = "#3d3e43";


        //document.body.style.backgroundImage = "url('')";
        // document.body.style.backgroundColor ="#3d3e43";
        //$("body").css({"backgroundImage": "url('')"});

    } else if (couleur == 'grisAlu') {
        //  document.getElementById("divClr").style.display = "block";
        document.getElementById("divClr").style.backgroundColor = "#A5A5A5";
        document.getElementById("divClr1").style.backgroundColor = "#A5A5A5";
        document.getElementById("divClr2").style.backgroundColor = "#A5A5A5";
        document.getElementById("divClr3").style.backgroundColor = "#A5A5A5";
        document.getElementById("divClr4").style.backgroundColor = "#A5A5A5";
        document.getElementById("divClr5").style.backgroundColor = "#A5A5A5";

        // document.body.style.backgroundImage = "url('')";
        //  $("body").css({"backgroundImage": "url('')"});
        // document.body.style.backgroundColor ="#b3b5b4";

    } else if (couleur == 'vert') {
        // document.getElementById("divClr").style.display = "block";
        document.getElementById("divClr").style.backgroundColor = "#2F4538";
        document.getElementById("divClr1").style.backgroundColor = "#2F4538";
        document.getElementById("divClr2").style.backgroundColor = "#2F4538";
        document.getElementById("divClr3").style.backgroundColor = "#2F4538";
        document.getElementById("divClr4").style.backgroundColor = "#2F4538";
        document.getElementById("divClr5").style.backgroundColor = "#2F4538";
        ;
        // document.body.style.backgroundImage = "url('')";
        // $("body").css({"backgroundImage": "url('')"});
        //  document.body.style.backgroundColor ="#2d4537";

    } else if (couleur == 'brun') {
        // document.getElementById("divClr").style.display = "block";
        document.getElementById("divClr").style.backgroundColor = "#382C1E";
        document.getElementById("divClr1").style.backgroundColor = "#382C1E";
        document.getElementById("divClr2").style.backgroundColor = "#382C1E";
        document.getElementById("divClr3").style.backgroundColor = "#382C1E";
        document.getElementById("divClr4").style.backgroundColor = "#382C1E";
        document.getElementById("divClr5").style.backgroundColor = "#382C1E";

        // document.body.style.backgroundImage = "url('')";
        // $("body").css({"backgroundImage": "url('')"});
        //  document.body.style.backgroundColor ="#471b12";

    } else if (couleur == 'bleu') {
        // document.getElementById("divClr").style.display = "block";
        document.getElementById("divClr").style.backgroundColor = "#2d5d9b";
        document.getElementById("divClr1").style.backgroundColor = "#2d5d9b";
        document.getElementById("divClr2").style.backgroundColor = "#2d5d9b";
        document.getElementById("divClr3").style.backgroundColor = "#2d5d9b";
        document.getElementById("divClr4").style.backgroundColor = "#2d5d9b";
        document.getElementById("divClr5").style.backgroundColor = "#2d5d9b";

        // document.body.style.backgroundImage = "url('')";
        //  $("body").css({"backgroundImage": "url('')"});
        // document.body.style.backgroundColor ="#0f294e";

    } else if (couleur == 'rouge') {
        // document.getElementById("divClr").style.display = "block";
        document.getElementById("divClr").style.backgroundColor = "#aa150e";
        document.getElementById("divClr1").style.backgroundColor = "#aa150e";
        document.getElementById("divClr2").style.backgroundColor = "#aa150e";
        document.getElementById("divClr3").style.backgroundColor = "#aa150e";
        document.getElementById("divClr4").style.backgroundColor = "#aa150e";
        document.getElementById("divClr5").style.backgroundColor = "#aa150e";

        // document.body.style.backgroundImage = "url('')";
        //  $("body").css({"backgroundImage": "url('')"});
        // document.body.style.backgroundColor ="#af2d1d";

    } else if (couleur == 'ivoire') {
        // document.getElementById("divClr").style.display = "block";
        document.getElementById("divClr").style.backgroundColor = "#E6D2B5";
        document.getElementById("divClr1").style.backgroundColor = "#E6D2B5";
        document.getElementById("divClr2").style.backgroundColor = "#E6D2B5";
        document.getElementById("divClr3").style.backgroundColor = "#E6D2B5";
        document.getElementById("divClr4").style.backgroundColor = "#E6D2B5";
        document.getElementById("divClr5").style.backgroundColor = "#E6D2B5";
    }
}
        // document.body.style.backgroundImage = "url('')";
        // $("body").css({"backgroundImage": "url('')"});
        //  document.body.style.backgroundColor ="#e5d691";



$("select.colorer").change(function(){
    var couleur2 = $(this).children("option:selected").val();


    if(couleur2=='Ral 1000 - Beige vert'){

        document.getElementById("divClr").style.backgroundColor = "#ccc188";
        document.getElementById("divClr1").style.backgroundColor = "#ccc188";
        document.getElementById("divClr2").style.backgroundColor = "#ccc188";
        document.getElementById("divClr3").style.backgroundColor = "#ccc188";
        document.getElementById("divClr4").style.backgroundColor = "#ccc188";
        document.getElementById("divClr5").style.backgroundColor ="#ccc188";
    }else if(couleur2=='Ral 1001 - Beige'){


        document.getElementById("divClr").style.backgroundColor = "#ceb487";
        document.getElementById("divClr1").style.backgroundColor = "#ceb487";
        document.getElementById("divClr2").style.backgroundColor = "#ceb487";
        document.getElementById("divClr3").style.backgroundColor = "#ceb487";
        document.getElementById("divClr4").style.backgroundColor = "#ceb487";
        document.getElementById("divClr5").style.backgroundColor ="#ceb487";
    }else if(couleur2=='Ral 1002 - Jaune sable'){

        document.getElementById("divClr").style.backgroundColor = "#d0b173";
        document.getElementById("divClr1").style.backgroundColor = "#d0b173";
        document.getElementById("divClr2").style.backgroundColor = "#d0b173";
        document.getElementById("divClr3").style.backgroundColor = "#d0b173";
        document.getElementById("divClr4").style.backgroundColor = "#d0b173";
        document.getElementById("divClr5").style.backgroundColor ="#d0b173";


    }else if(couleur2=='Ral 1003 - Jaune de sécurité'){

        document.getElementById("divClr").style.backgroundColor = "#f2ad00";
        document.getElementById("divClr1").style.backgroundColor = "#f2ad00";
        document.getElementById("divClr2").style.backgroundColor = "#f2ad00";
        document.getElementById("divClr3").style.backgroundColor = "#f2ad00";
        document.getElementById("divClr4").style.backgroundColor = "#f2ad00";
        document.getElementById("divClr5").style.backgroundColor ="#f2ad00";

    }else if(couleur2=='Ral 1004 - Jaune or'){

        document.getElementById("divClr").style.backgroundColor = "#e4a700";
        document.getElementById("divClr1").style.backgroundColor = "#e4a700";
        document.getElementById("divClr2").style.backgroundColor = "#e4a700";
        document.getElementById("divClr3").style.backgroundColor = "#e4a700";
        document.getElementById("divClr4").style.backgroundColor = "#e4a700";
        document.getElementById("divClr5").style.backgroundColor ="#e4a700";
    }else if(couleur2=='Ral 1005 - Jaune miel'){

        document.getElementById("divClr").style.backgroundColor = "#c79600";
        document.getElementById("divClr1").style.backgroundColor = "#c79600";
        document.getElementById("divClr2").style.backgroundColor = "#c79600";
        document.getElementById("divClr3").style.backgroundColor = "#c79600";
        document.getElementById("divClr4").style.backgroundColor = "#c79600";
        document.getElementById("divClr5").style.backgroundColor ="#c79600";
    }else if(couleur2=='Ral 1006 - Jaune maïs'){

        document.getElementById("divClr").style.backgroundColor = "#c79600";
        document.getElementById("divClr1").style.backgroundColor = "#c79600";
        document.getElementById("divClr2").style.backgroundColor = "#c79600";
        document.getElementById("divClr3").style.backgroundColor = "#c79600";
        document.getElementById("divClr4").style.backgroundColor = "#c79600";
        document.getElementById("divClr5").style.backgroundColor ="#c79600";
    }else if(couleur2=='Ral 1007 - Jaune narcisse'){

        document.getElementById("divClr").style.backgroundColor = "#e69400";
        document.getElementById("divClr1").style.backgroundColor = "#e69400";
        document.getElementById("divClr2").style.backgroundColor = "#e69400";
        document.getElementById("divClr3").style.backgroundColor = "#e69400";
        document.getElementById("divClr4").style.backgroundColor = "#e69400";
        document.getElementById("divClr5").style.backgroundColor ="#e69400";
    }else if(couleur2=='Ral 1011 - Beige brun'){

        document.getElementById("divClr").style.backgroundColor = "#af8552";
        document.getElementById("divClr1").style.backgroundColor = "#af8552";
        document.getElementById("divClr2").style.backgroundColor = "#af8552";
        document.getElementById("divClr3").style.backgroundColor = "#af8552";
        document.getElementById("divClr4").style.backgroundColor = "#af8552";
        document.getElementById("divClr5").style.backgroundColor ="#af8552";
    }else if(couleur2=='Ral 1012 - Jaune citron'){

        document.getElementById("divClr").style.backgroundColor = "#d8ba2e";
        document.getElementById("divClr1").style.backgroundColor = "#d8ba2e";
        document.getElementById("divClr2").style.backgroundColor = "#d8ba2e";
        document.getElementById("divClr3").style.backgroundColor = "#d8ba2e";
        document.getElementById("divClr4").style.backgroundColor = "#d8ba2e";
        document.getElementById("divClr5").style.backgroundColor ="#d8ba2e";
    }else if(couleur2=='Ral 1013 - Blanc perlé'){

        document.getElementById("divClr").style.backgroundColor = "#e5dfcc";
        document.getElementById("divClr1").style.backgroundColor = "#e5dfcc";
        document.getElementById("divClr2").style.backgroundColor = "#e5dfcc";
        document.getElementById("divClr3").style.backgroundColor = "#e5dfcc";
        document.getElementById("divClr4").style.backgroundColor = "#e5dfcc";
        document.getElementById("divClr5").style.backgroundColor ="#e5dfcc";
    }else if(couleur2=='Ral 1014 - Ivoire'){

        document.getElementById("divClr").style.backgroundColor = "#dfcea1";
        document.getElementById("divClr1").style.backgroundColor = "#dfcea1";
        document.getElementById("divClr2").style.backgroundColor = "#dfcea1";
        document.getElementById("divClr3").style.backgroundColor = "#dfcea1";
        document.getElementById("divClr4").style.backgroundColor = "#dfcea1";
        document.getElementById("divClr5").style.backgroundColor ="#dfcea1";
    }else if(couleur2=='Ral 1015 - Ivoire clair'){

        document.getElementById("divClr").style.backgroundColor = "#e6d9bd";
        document.getElementById("divClr1").style.backgroundColor = "#e6d9bd";
        document.getElementById("divClr2").style.backgroundColor = "#e6d9bd";
        document.getElementById("divClr3").style.backgroundColor = "#e6d9bd";
        document.getElementById("divClr4").style.backgroundColor = "#e6d9bd";
        document.getElementById("divClr5").style.backgroundColor ="#e6d9bd";

    }else if(couleur2=='Ral 1016 - Jaune soufre'){

        document.getElementById("divClr").style.backgroundColor = "#ecea41";
        document.getElementById("divClr1").style.backgroundColor = "#ecea41";
        document.getElementById("divClr2").style.backgroundColor = "#ecea41";
        document.getElementById("divClr3").style.backgroundColor = "#ecea41";
        document.getElementById("divClr4").style.backgroundColor = "#ecea41";
        document.getElementById("divClr5").style.backgroundColor ="#ecea41";
    }else if(couleur2=='Ral 1017 - Jaune safran'){

        document.getElementById("divClr").style.backgroundColor = "#f6b256";
        document.getElementById("divClr1").style.backgroundColor = "#f6b256";
        document.getElementById("divClr2").style.backgroundColor = "#f6b256";
        document.getElementById("divClr3").style.backgroundColor = "#f6b256";
        document.getElementById("divClr4").style.backgroundColor = "#f6b256";
        document.getElementById("divClr5").style.backgroundColor ="#f6b256";
    }else if(couleur2=='Ral 1018 - Jaune zinc'){

        document.getElementById("divClr").style.backgroundColor = "#fdda38";
        document.getElementById("divClr1").style.backgroundColor = "#fdda38";
        document.getElementById("divClr2").style.backgroundColor = "#fdda38";
        document.getElementById("divClr3").style.backgroundColor = "#fdda38";
        document.getElementById("divClr4").style.backgroundColor = "#fdda38";
        document.getElementById("divClr5").style.backgroundColor ="#fdda38";
    }else if(couleur2=='Ral 1019 - Beige gris'){

        document.getElementById("divClr").style.backgroundColor = "#a6937b";
        document.getElementById("divClr1").style.backgroundColor = "#a6937b";
        document.getElementById("divClr2").style.backgroundColor = "#a6937b";
        document.getElementById("divClr3").style.backgroundColor = "#a6937b";
        document.getElementById("divClr4").style.backgroundColor = "#a6937b";
        document.getElementById("divClr5").style.backgroundColor ="#a6937b";
    }else if(couleur2=='Ral 1020 - Jaune olive'){

        document.getElementById("divClr").style.backgroundColor = "#a09465";
        document.getElementById("divClr1").style.backgroundColor = "#a09465";
        document.getElementById("divClr2").style.backgroundColor = "#a09465";
        document.getElementById("divClr3").style.backgroundColor = "#a09465";
        document.getElementById("divClr4").style.backgroundColor = "#a09465";
        document.getElementById("divClr5").style.backgroundColor ="#a09465";

    }else if(couleur2=='Ral 1021 - Jaune colza'){

        document.getElementById("divClr").style.backgroundColor = "#a09465";
        document.getElementById("divClr1").style.backgroundColor = "#a09465";
        document.getElementById("divClr2").style.backgroundColor = "#a09465";
        document.getElementById("divClr3").style.backgroundColor = "#a09465";
        document.getElementById("divClr4").style.backgroundColor = "#a09465";
        document.getElementById("divClr5").style.backgroundColor ="#a09465";
    }else if(couleur2=='Ral 1023 - Jaune trafic'){

        document.getElementById("divClr").style.backgroundColor = "#f2bf00";
        document.getElementById("divClr1").style.backgroundColor = "#f2bf00";
        document.getElementById("divClr2").style.backgroundColor = "#f2bf00";
        document.getElementById("divClr3").style.backgroundColor = "#f2bf00";
        document.getElementById("divClr4").style.backgroundColor = "#f2bf00";
        document.getElementById("divClr5").style.backgroundColor ="#f2bf00";

    }else if(couleur2=='Ral 1024 - Jaune ocre'){

        document.getElementById("divClr").style.backgroundColor = "#b89650";
        document.getElementById("divClr1").style.backgroundColor = "#b89650";
        document.getElementById("divClr2").style.backgroundColor = "#b89650";
        document.getElementById("divClr3").style.backgroundColor = "#b89650";
        document.getElementById("divClr4").style.backgroundColor = "#b89650";
        document.getElementById("divClr5").style.backgroundColor ="#b89650";

    }else if(couleur2=='Ral 1027 - Jaune curry'){

        document.getElementById("divClr").style.backgroundColor = "#a4861a";
        document.getElementById("divClr1").style.backgroundColor = "#a4861a";
        document.getElementById("divClr2").style.backgroundColor = "#a4861a";
        document.getElementById("divClr3").style.backgroundColor = "#a4861a";
        document.getElementById("divClr4").style.backgroundColor = "#a4861a";
        document.getElementById("divClr5").style.backgroundColor ="#a4861a";

    }else if(couleur2=='Ral 1028 - Jaune melon'){

        document.getElementById("divClr").style.backgroundColor = "#ffa600";
        document.getElementById("divClr1").style.backgroundColor = "#ffa600";
        document.getElementById("divClr2").style.backgroundColor = "#ffa600";
        document.getElementById("divClr3").style.backgroundColor = "#ffa600";
        document.getElementById("divClr4").style.backgroundColor = "#ffa600";
        document.getElementById("divClr5").style.backgroundColor ="#ffa600";

    }else if(couleur2=='Ral 1032 - Jaune genêt'){

        document.getElementById("divClr").style.backgroundColor = "#e2ac00";
        document.getElementById("divClr1").style.backgroundColor = "#e2ac00";
        document.getElementById("divClr2").style.backgroundColor = "#e2ac00";
        document.getElementById("divClr3").style.backgroundColor = "#e2ac00";
        document.getElementById("divClr4").style.backgroundColor = "#e2ac00";
        document.getElementById("divClr5").style.backgroundColor ="#e2ac00";

    }else if(couleur2=='Ral 1033 - Jaune dahlia'){

        document.getElementById("divClr").style.backgroundColor = "#f7a11f";
        document.getElementById("divClr1").style.backgroundColor = "#f7a11f";
        document.getElementById("divClr2").style.backgroundColor = "#f7a11f";
        document.getElementById("divClr3").style.backgroundColor = "#f7a11f";
        document.getElementById("divClr4").style.backgroundColor = "#f7a11f";
        document.getElementById("divClr5").style.backgroundColor ="#f7a11f";

    }else if(couleur2=='Ral 1034 - Jaune pastel'){

        document.getElementById("divClr").style.backgroundColor = "#eba557";
        document.getElementById("divClr1").style.backgroundColor = "#eba557";
        document.getElementById("divClr2").style.backgroundColor = "#eba557";
        document.getElementById("divClr3").style.backgroundColor = "#eba557";
        document.getElementById("divClr4").style.backgroundColor = "#eba557";
        document.getElementById("divClr5").style.backgroundColor ="#eba557";

    }else if(couleur2=='Ral 2000 - Orangé jaune'){

        document.getElementById("divClr").style.backgroundColor = "#d97604";
        document.getElementById("divClr1").style.backgroundColor = "#d97604";
        document.getElementById("divClr2").style.backgroundColor = "#d97604";
        document.getElementById("divClr3").style.backgroundColor = "#d97604";
        document.getElementById("divClr4").style.backgroundColor = "#d97604";
        document.getElementById("divClr5").style.backgroundColor ="#d97604";

    }else if(couleur2=='Ral 2000 - Orangé jaune'){

        document.getElementById("divClr").style.backgroundColor = "#d97604";
        document.getElementById("divClr1").style.backgroundColor = "#d97604";
        document.getElementById("divClr2").style.backgroundColor = "#d97604";
        document.getElementById("divClr3").style.backgroundColor = "#d97604";
        document.getElementById("divClr4").style.backgroundColor = "#d97604";
        document.getElementById("divClr5").style.backgroundColor ="#d97604";

    }else if(couleur2=='Ral 2001 - Orangé rouge'){

        document.getElementById("divClr").style.backgroundColor = "#bb4926";
        document.getElementById("divClr1").style.backgroundColor = "#bb4926";
        document.getElementById("divClr2").style.backgroundColor = "#bb4926";
        document.getElementById("divClr3").style.backgroundColor = "#bb4926";
        document.getElementById("divClr4").style.backgroundColor = "#bb4926";
        document.getElementById("divClr5").style.backgroundColor ="#bb4926";

    }else if(couleur2=='Ral 2002 - Orangé sang'){

        document.getElementById("divClr").style.backgroundColor = "#c13524";
        document.getElementById("divClr1").style.backgroundColor = "#c13524";
