$(function(){

    $(".sticky-content").sticky({
        topSpacing: 50,
        zIndex: 2,
        stopper: "#footer",
    });

});


$(function () {
    $(document).tooltip();
});


var tabStandard =[
    [1199.04, 1226.4,1255.2,1284,1312.8,1341.6,1370.4,1399.2,1428,1456.8,1485.6,1514.4,1543.2,1572,1600.8,1629.6,1658.4,1687.2,1716,1744.8,1773.6,1802.4,1831.2,1860,1888.8,1917.6,1946.4,1975.2,2004,2032.8,2061.6,2090.4,2119.2],
    [1226.4,1255.2,1284,1314.24,1344.48,1374.72,1404.96,1435.2,1465.44,1495.68,1525.92,1556.16,1586.4,1616.64,1646.88,1677.12,1707.36,1737.6,1767.84,1798.08,1828.32,1858.56,1888.8,1919.04,1949.28,1979.52,2009.76,2040,2070.24,2100.48,2130.72,2160.96,2191.2],
    [20612696393,1312.8,1344.48,1376.16,1407.84,1439.52,1471.2,1502.88,1534.56,1566.24,1597.92,1629.6,1661.28,1692.96,1724.64,1756.32,1788,1819.68,1851.36,1883.04,1914.72,1946.4,1978.08,2009.76,2041.44,2073.12,2104.8,2136.48,2168.16,2199.84,2231.52,2263.2],
    [8588622976,1341.6,1374.72,1407.84,1440.96,1474.08,1507.2,1540.32,1573.44,1606.56,1639.68,1672.8,1705.92,1739.04,1772.16,1805.28,1838.4,1871.52,1904.64,1937.76,1970.88,2004,2037.12,2070.24,2103.36,2136.48,2169.6,2202.72,2235.84,2268.96,2302.08,2335.2],
    [3578592375,1370.4,1404.96,1439.52,1474.08,1508.64,1543.2,1577.76,1612.32,1646.88,1681.44,1716,1750.56,1785.12,1819.68,1854.24,1888.8,1923.36,1957.92,1992.48,2027.04,2061.6,2096.16,2130.72,2165.28,2199.84,2234.4,2268.96,2303.52,2338.08,2372.64,2407.2],
    [1491079612,1399.2,1435.2,1471.2,1507.2,1543.2,1579.2,1615.2,1651.2,1687.2,1723.2,1759.2,1795.2,1831.2,1867.2,1903.2,1939.2,1975.2,2011.2,2047.2,2083.2,2119.2,2155.2,2191.2,2227.2,2263.2,2299.2,2335.2,2371.2,2407.2,2443.2,2479.2],
    [621282616.9,1428,1465.44,1502.88,1540.32,1577.76,1615.2,1652.64,1690.08,1727.52,1764.96,1802.4,1839.84,1877.28,1914.72,1952.16,1989.6,2027.04,2064.48,2101.92,2139.36,2176.8,2214.24,2251.68,2289.12,2326.56,2364,2401.44,2438.88,2476.32,2513.76,2551.2],
    [258867190.6,1456.8,1495.68,1534.56,1573.44,1612.32,1651.2,1690.08,1728.96,1767.84,1806.72,1845.6,1884.48,1923.36,1962.24,2001.12,2040,2078.88,2117.76,2156.64,2195.52,2234.4,2273.28,2312.16,2351.04,2389.92,2428.8,2467.68,2506.56,2545.44,2584.32,2623.2],
    [107860751.6,1485.6,1525.92,1566.24,1606.56,1646.88,1687.2,1727.52,1767.84,1808.16,1848.48,1888.8,1929.12,1969.44,2009.76,2050.08,2090.4,2130.72,2171.04,2211.36,2251.68,2292,2332.32,2372.64,2412.96,2453.28,2493.6,2533.92,2574.24,2614.56,2654.88,2695.2],
    [44941390.64,1514.4,1556.16,1597.92,1639.68,1681.44,1723.2,1764.96,1806.72,1848.48,1890.24,1932,1973.76,2015.52,2057.28,2099.04,2140.8,2182.56,2224.32,2266.08,2307.84,2349.6,2391.36,2433.12,2474.88,2516.64,2558.4,2600.16,2641.92,2683.68,2725.44,2767.2],
    [18724978.84,1543.2,1586.4,1629.6,1672.8,1716,1759.2,1802.4,1845.6,1888.8,1932,1975.2,2018.4,2061.6,2104.8,2148,2191.2,2234.4,2277.6,2320.8,2364,2407.2,2450.4,2493.6,2536.8,2580,2623.2,2666.4,2709.6,2752.8,2796,2839.2],
    [7801462.515,1572,1616.64,1661.28,1705.92,1750.56,1795.2,1839.84,1884.48,1929.12,1973.76,2018.4,2063.04,2107.68,2152.32,2196.96,2241.6,2286.24,2330.88,2375.52,2420.16,2464.8,2509.44,2554.08,2598.72,2643.36,2688,2732.64,2777.28,2821.92,2866.56,2911.2],
    [3249985.981,1600.8,1646.88,1692.96,1739.04,1785.12,1831.2,1877.28,1923.36,1969.44,2015.52,2061.6,2107.68,2153.76,2199.84,2245.92,2292,2338.08,2384.16,2430.24,2476.32,2522.4,2568.48,2614.56,2660.64,2706.72,2752.8,2798.88,2844.96,2891.04,2937.12,2983.2],
    [1353526.025,1629.6,1677.12,1724.64,1772.16,1819.68,1867.2,1914.72,1962.24,2009.76,2057.28,2104.8,2152.32,2199.84,2247.36,2294.88,2342.4,2389.92,2437.44,2484.96,2532.48,2580,2627.52,2675.04,2722.56,2770.08,2817.6,2865.12,2912.64,2960.16,3007.68,3055.2],
    [563322.9773,1658.4,1707.36,1756.32,1805.28,1854.24,1903.2,1952.16,2001.12,2050.08,2099.04,2148,2196.96,2245.92,2294.88,2343.84,2392.8,2441.76,2490.72,2539.68,2588.64,2637.6,2686.56,2735.52,2784.48,2833.44,2882.4,2931.36,2980.32,3029.28,3078.24,3127.2],
    [234060.3072,1687.2,1737.6,1788,1838.4,1888.8,1939.2,1989.6,2040,2090.4,2140.8,2191.2,2241.6,2292,2342.4,2392.8,2443.2,2493.6,2544,2594.4,2644.8,2695.2,2745.6,2796,2846.4,2896.8,2947.2,2997.6,3048,3098.4,3148.8,3199.2],
    [96856.128,1716,1767.84,1819.68,1871.52,1923.36,1975.2,2027.04,2078.88,2130.72,2182.56,2234.4,2286.24,2338.08,2389.92,2441.76,2493.6,2545.44,2597.28,2649.12,2700.96,2752.8,2804.64,2856.48,2908.32,2960.16,3012,3063.84,3115.68,3167.52,3219.36,3271.2],
    [39676.32,1744.8,1798.08,1851.36,1904.64,1957.92,2011.2,2064.48,2117.76,2171.04,2224.32,2277.6,2330.88,2384.16,2437.44,2490.72,2544,2597.28,2650.56,2703.84,2757.12,2810.4,2863.68,2916.96,2970.24,3023.52,3076.8,3130.08,3183.36,3236.64,3289.92,3343.2],
    [15840,1773.6,1828.32,1883.04,1937.76,1992.48,2047.2,2101.92,2156.64,2211.36,2266.08,2320.8,2375.52,2430.24,2484.96,2539.68,2594.4,2649.12,2703.84,2758.56,2813.28,2868,2922.72,2977.44,3032.16,3086.88,3141.6,3196.32,3251.04,3305.76,3360.48,3415.2],
    [5896.8,1802.4,1858.56,1914.72,1970.88,2027.04,2083.2,2139.36,2195.52,2251.68,2307.84,2364,2420.16,2476.32,2532.48,2588.64,2644.8,2700.96,2757.12,2813.28,2869.44,2925.6,2981.76,3037.92,3094.08,3150.24,3206.4,3262.56,3318.72,3374.88,3431.04,3487.2],
    [1742.4,1831.2,1888.8,1946.4,2004,2061.6,2119.2,2176.8,2234.4,2292,2349.6,2407.2,2464.8,2522.4,2580,2637.6,2695.2,2752.8,2810.4,2868,2925.6,2983.2,3040.8,3098.4,3156,3213.6,3271.2,3328.8,3386.4,3444,3501.6,3559.2]
];
vartabCouleur =

    [
        [1354.992,1390.56,1428,1465.44,1502.88,1540.32,1577.76,1615.2,1652.64,1690.08,1727.52,1764.96,1802.4,1839.84,1877.28,1914.72,1952.16,1989.6,2027.04,2064.48,2101.92,2139.36,2176.8,2214.24,2251.68,2289.12,2326.56,2364,2401.44,2438.88,2476.32,2513.76],
        [1426.128,1465.44,1504.752,1544.064,1583.376,1622.688,1662,1701.312,1740.624,1779.936,1819.248,1858.56,1897.872,1937.184,1976.496,2015.808,2055.12,2094.432,2133.744,2173.056,2212.368,2251.68,2290.992,2330.304,2369.616,2408.928,2448.24,2487.552,2526.864,2566.176,2605.488],
        [1461.696,1502.88,1544.064,1585.248,1626.432,1667.616,1708.8,1749.984,1791.168,1832.352,1873.536,1914.72,1955.904,1997.088,2038.272,2079.456,2120.64,2161.824,2203.008,2244.192,2285.376,2326.56,2367.744,2408.928,2450.112,2491.296,2532.48,2573.664,2614.848,2656.032,2697.216],
        [1497.264,1540.32,1583.376,1626.432,1669.488,1712.544,1755.6,1798.656,1841.712,1884.768,1927.824,1970.88,2013.936,2056.992,2100.048,2143.104,2186.16,2229.216,2272.272,2315.328,2358.384,2401.44,2444.496,2487.552,2530.608,2573.664,2616.72,2659.776,2702.832,2745.888,2788.944],
        [1532.832,1577.76,1622.688,1667.616,1712.544,1757.472,1802.4,1847.328,1892.256,1937.184,1982.112,2027.04,2071.968,2116.896,2161.824,2206.752,2251.68,2296.608,2341.536,2386.464,2431.392,2476.32,2521.248,2566.176,2611.104,2656.032,2700.96,2745.888,2790.816,2835.744,2880.672],
        [1568.4,1615.2,1662,1708.8,1755.6,1802.4,1849.2,1896,1942.8,1989.6,2036.4,2083.2,2130,2176.8,2223.6,2270.4,2317.2,2364,2410.8,2457.6,2504.4,2551.2,2598,2644.8,2691.6,2738.4,2785.2,2832,2878.8,2925.6,2972.4],
        [1603.968,1652.64,1701.312,1749.984,1798.656,1847.328,1896,1944.672,1993.344,2042.016,2090.688,2139.36,2188.032,2236.704,2285.376,2334.048,2382.72,2431.392,2480.064,2528.736,2577.408,2626.08,2674.752,2723.424,2772.096,2820.768,2869.44,2918.112,2966.784,3015.456,3064.128],
        [1639.536,1690.08,1740.624,1791.168,1841.712,1892.256,1942.8,1993.344,2043.888,2094.432,2144.976,2195.52,2246.064,2296.608,2347.152,2397.696,2448.24,2498.784,2549.328,2599.872,2650.416,2700.96,2751.504,2802.048,2852.592,2903.136,2953.68,3004.224,3054.768,3105.312,3155.856],
        [1675.104,1727.52,1779.936,1832.352,1884.768,1937.184,1989.6,2042.016,2094.432,2146.848,2199.264,2251.68,2304.096,2356.512,2408.928,2461.344,2513.76,2566.176,2618.592,2671.008,2723.424,2775.84,2828.256,2880.672,2933.088,2985.504,3037.92,3090.336,3142.752,3195.168,3247.584],
        [1710.672,1764.96,1819.248,1873.536,1927.824,1982.112,2036.4,2090.688,2144.976,2199.264,2253.552,2307.84,2362.128,2416.416,2470.704,2524.992,2579.28,2633.568,2687.856,2742.144,2796.432,2850.72,2905.008,2959.296,3013.584,3067.872,3122.16,3176.448,3230.736,3285.024,3339.312],
        [1746.24,1802.4,1858.56,1914.72,1970.88,2027.04,2083.2,2139.36,2195.52,2251.68,2307.84,2364,2420.16,2476.32,2532.48,2588.64,2644.8,2700.96,2757.12,2813.28,2869.44,2925.6,2981.76,3037.92,3094.08,3150.24,3206.4,3262.56,3318.72,3374.88,3431.04],
        [1781.808,1839.84,1897.872,1955.904,2013.936,2071.968,2130,2188.032,2246.064,2304.096,2362.128,2420.16,2478.192,2536.224,2594.256,2652.288,2710.32,2768.352,2826.384,2884.416,2942.448,3000.48,3058.512,3116.544,3174.576,3232.608,3290.64,3348.672,3406.704,3464.736,3522.768],
        [1817.376,1877.28,1937.184,1997.088,2056.992,2116.896,2176.8,2236.704,2296.608,2356.512,2416.416,2476.32,2536.224,2596.128,2656.032,2715.936,2775.84,2835.744,2895.648,2955.552,3015.456,3075.36,3135.264,3195.168,3255.072,3314.976,3374.88,3434.784,3494.688,3554.592,3614.496],
        [1852.944,1914.72,1976.496,2038.272,2100.048,2161.824,2223.6,2285.376,2347.152,2408.928,2470.704,2532.48,2594.256,2656.032,2717.808,2779.584,2841.36,2903.136,2964.912,3026.688,3088.464,3150.24,3212.016,3273.792,3335.568,3397.344,3459.12,3520.896,3582.672,3644.448,3706.224],
        [1888.512,1952.16,2015.808,2079.456,2143.104,2206.752,2270.4,2334.048,2397.696,2461.344,2524.992,2588.64,2652.288,2715.936,2779.584,2843.232,2906.88,2970.528,3034.176,3097.824,3161.472,3225.12,3288.768,3352.416,3416.064,3479.712,3543.36,3607.008,3670.656,3734.304,3797.952],
        [1924.08,1989.6,2055.12,2120.64,2186.16,2251.68,2317.2,2382.72,2448.24,2513.76,2579.28,2644.8,2710.32,2775.84,2841.36,2906.88,2972.4,3037.92,3103.44,3168.96,3234.48,3300,3365.52,3431.04,3496.56,3562.08,3627.6,3693.12,3758.64,3824.16,3889.68],
        [1959.648,2027.04,2094.432,2161.824,2229.216,2296.608,2364,2431.392,2498.784,2566.176,2633.568,2700.96,2768.352,2835.744,2903.136,2970.528,3037.92,3105.312,3172.704,3240.096,3307.488,3374.88,3442.272,3509.664,3577.056,3644.448,3711.84,3779.232,3846.624,3914.016,3981.408],
        [1995.216,2064.48,2133.744,2203.008,2272.272,2341.536,2410.8,2480.064,2549.328,2618.592,2687.856,2757.12,2826.384,2895.648,2964.912,3034.176,3103.44,3172.704,3241.968,3311.232,3380.496,3449.76,3519.024,3588.288,3657.552,3726.816,3796.08,3865.344,3934.608,4003.872,4073.136],
        [2030.784,2101.92,2173.056,2244.192,2315.328,2386.464,2457.6,2528.736,2599.872,2671.008,2742.144,2813.28,2884.416,2955.552,3026.688,3097.824,3168.96,3240.096,3311.232,3382.368,3453.504,3524.64,3595.776,3666.912,3738.048,3809.184,3880.32,3951.456,4022.592,4093.728,4164.864],
        [2066.352,2139.36,2212.368,2285.376,2358.384,2431.392,2504.4,2577.408,2650.416,2723.424,2796.432,2869.44,2942.448,3015.456,3088.464,3161.472,3234.48,3307.488,3380.496,3453.504,3526.512,3599.52,3672.528,3745.536,3818.544,3891.552,3964.56,4037.568,4110.576,4183.584,4256.592],
        [2101.92,2176.8,2251.68,2326.56,2401.44,2476.32,2551.2,2626.08,2700.96,2775.84,2850.72,2925.6,3000.48,3075.36,3150.24,3225.12,3300,3374.88,3449.76,3524.64,3599.52,3674.4,3749.28,3824.16,3899.04,3973.92,4048.8,4123.68,4198.56,4273.44,4348.32]
    ];


function hublotAffiche() {

    if ($("input[name='hublot']:checked").val()=='hublot rectangulaire') {
        document.getElementById("hQte").style.display = "inline-block";
        document.getElementById("hQte1").style.display = "none";
        document.getElementById("hQte2").style.display = "none";
    } else if ($("input[name='hublot']:checked").val()=='hublot ovale') {
        document.getElementById("hQte1").style.display = "inline-block";
        document.getElementById("hQte").style.display = "none";
        document.getElementById("hQte2").style.display = "none";
    } else if (($("input[name='hublot']:checked").val()=='ventilation')) {
        document.getElementById("hQte2").style.display = "inline-block";
        document.getElementById("hQte").style.display = "none";
        document.getElementById("hQte1").style.display = "none";
    }


}


function afficheAcce() {
    var motor = $("input[name='motorisation']:checked").val();

    if (motor == 'Oui')
        document.getElementById("accessId").style.display = "block";
    else
        document.getElementById("accessId").style.display = "none";

}

function afficheSecur() {


    var portillon = $("input[name='portillon']:checked").val();
    console.log(portillon);

    var motorisation = $("input[name='motorisation']:checked").val();
    console.log(motorisation);

    if (motorisation == 'Oui' && portillon == 'OUI') {


        document.getElementById("securiteId").style.display = "block";


    }

    if (portillon == 'OUI' && motorisation == 'Oui') {


        document.getElementById("securiteId").style.display = "block";

    }
    if (motorisation == 'Non' && portillon == 'Non') {

        document.getElementById("securiteId").style.display = "none";


    }
    if (portillon == 'OUI' && motorisation == 'Non') {


        document.getElementById("securiteId").style.display = "none";


    }


    if (motorisation == 'Oui' && portillon == 'Non') {

        document.getElementById("securiteId").style.display = "none";

    }

    if (motorisation == 'Oui' && portillon == 'OUI') {
        document.getElementById("securiteId").style.display = "block";
    }

    if (portillon == 'Non' && motorisation == 'Oui') {
        document.getElementById("securiteId").style.display = "none";
    }
    if (motorisation == 'Non' && portillon == 'Non') {
        document.getElementById("securiteId").style.display = "none";
    }
}


//function portillonInsert() {

//  var port = $("input[name='portillon']:checked").val();

/*  if (port = 'Portillon Porte Sectionnelle Verticale') {
      document.getElementById("divClr").style.display = "none";
      document.getElementById("divClr1").style.display = "block";
      document.getElementById("divClr1").style.backgroundColor = document.getElementById("divClr").style.backgroundColor;

  } else if (port = 'Non') {
      document.getElementById("divClr1").style.display = "none";
  }


  /*for (i = 0; i < document.formulaire.modele.length; i++) {
      if (document.formulaire.modele[i].checked) {
          valeur = document.formulaire.modele[i].value;
*/

/*  var valeur = '';

  if (valeur == 'Rainures horizontales') {

      document.getElementById("couleur1").style.display = "block";
      document.getElementById("couleur2").style.display = "block";
      document.getElementById("couleur3").style.display = "block";
      document.getElementById("couleur4").style.display = "block";
      document.getElementById("couleur5").style.display = "block";
      document.getElementById("couleur6").style.display = "block";
      document.getElementById("couleur7").style.display = "block";
      document.getElementById("couleur8").style.display = "block";
      document.getElementById("divClr1").style.display = "block";
      document.getElementById("divClr1").style.display = "block";
      document.getElementById("divClr1").style.backgroundColor = "#ffffFF";
      $("#imgModele1").attr('src', 'img/DOUBLE.png');
  }


  if (valeur == 'Lisse') {
      document.getElementById("couleur4").style.display = "none";
      document.getElementById("couleur5").style.display = "none";
      document.getElementById("couleur6").style.display = "none";
      document.getElementById("couleur7").style.display = "none";
      document.getElementById("couleur8").style.display = "none";
      document.getElementById("couleur1").style.display = "block";
      document.getElementById("couleur2").style.display = "block";
      document.getElementById("couleur3").style.display = "block";
      document.getElementById("divClr").style.display = "none";
      document.getElementById("divClr1").style.display = "block";
      document.getElementById("divClr1").style.backgroundColor = "#ffffFF";
      $("#imgModele1").attr('src', 'img/lissePort.jpg');

  }
  if (valeur == 'Cassette') {

      document.getElementById("couleur2").style.display = "none";
      document.getElementById("couleur3").style.display = "none";
      document.getElementById("couleur4").style.display = "none";
      document.getElementById("couleur5").style.display = "none";
      document.getElementById("couleur6").style.display = "none";
      document.getElementById("couleur7").style.display = "none";
      document.getElementById("couleur8").style.display = "none";
      document.getElementById("couleur1").style.display = "block";
      document.getElementById("divClr").style.display = "none";
      document.getElementById("divClr1").style.display = "block";
      document.getElementById("divClr1").style.backgroundColor = "#ffffFF";
      $("#imgModele1").attr('src', 'img/casettePort.jpg');


  }
  if (valeur == 'Monorainure') {
      document.getElementById("couleur2").style.display = "none";
      document.getElementById("couleur3").style.display = "none";
      document.getElementById("couleur4").style.display = "none";
      document.getElementById("couleur5").style.display = "none";
      document.getElementById("couleur6").style.display = "none";
      document.getElementById("couleur7").style.display = "none";
      document.getElementById("couleur8").style.display = "none";
      document.getElementById("couleur1").style.display = "block";
      document.getElementById("divClr").style.display = "none";
      document.getElementById("divClr1").style.display = "block";
      document.getElementById("divClr1").style.backgroundColor = "#ffffFF";
      $("#imgModele1").attr('src', 'img/rainurePort.JPG');
  }


}
*/

function changeCouleur() {

    var couleur = $("input[name='couleur']:checked").val();

    if (couleur == '') {

        //document.body.style.backgroundColor ="#ffffff";
        document.getElementById("divClr").style.backgroundColor = "#ffffFF";
        document.getElementById("divClr1").style.backgroundColor = "#ffffFF";
        document.getElementById("divClr2").style.backgroundColor = "#ffffFF";
        document.getElementById("divClr3").style.backgroundColor = "#ffffFF";
        document.getElementById("divClr4").style.backgroundColor = "#ffffFF";
        document.getElementById("divClr5").style.backgroundColor = "#ffffFF";

    }

    if (couleur == 'blanc') {
        //  document.getElementById("divClr").style.display = "block";
        document.getElementById("divClr").style.backgroundColor = "#ffffFF";
        //  document.body.style.backgroundImage = "url('')";
        // document.body.style.backgroundColor ="#ffffff";
        document.getElementById("divClr1").style.backgroundColor = "#ffffFF";
        document.getElementById("divClr2").style.backgroundColor = "#ffffFF";
        document.getElementById("divClr3").style.backgroundColor = "#ffffFF";
        document.getElementById("divClr4").style.backgroundColor = "#ffffFF";
        document.getElementById("divClr5").style.backgroundColor = "#ffffFF";



    } else if (couleur == 'gris') {
        // document.getElementById("divClr").style.display = "block";
        document.getElementById("divClr").style.backgroundColor = "#3d3e43";
        document.getElementById("divClr1").style.backgroundColor = "#3d3e43";
        document.getElementById("divClr2").style.backgroundColor = "#3d3e43";
        document.getElementById("divClr3").style.backgroundColor = "#3d3e43";
        document.getElementById("divClr4").style.backgroundColor = "#3d3e43";
        document.getElementById("divClr5").style.backgroundColor = "#3d3e43";


        //document.body.style.backgroundImage = "url('')";
        // document.body.style.backgroundColor ="#3d3e43";
        //$("body").css({"backgroundImage": "url('')"});

    } else if (couleur == 'grisAlu') {
        //  document.getElementById("divClr").style.display = "block";
        document.getElementById("divClr").style.backgroundColor = "#A5A5A5";
        document.getElementById("divClr1").style.backgroundColor = "#A5A5A5";
        document.getElementById("divClr2").style.backgroundColor = "#A5A5A5";
        document.getElementById("divClr3").style.backgroundColor = "#A5A5A5";
        document.getElementById("divClr4").style.backgroundColor = "#A5A5A5";
        document.getElementById("divClr5").style.backgroundColor = "#A5A5A5";

        // document.body.style.backgroundImage = "url('')";
        //  $("body").css({"backgroundImage": "url('')"});
        // document.body.style.backgroundColor ="#b3b5b4";

    } else if (couleur == 'vert') {
        // document.getElementById("divClr").style.display = "block";
        document.getElementById("divClr").style.backgroundColor = "#2F4538";
        document.getElementById("divClr1").style.backgroundColor = "#2F4538";
        document.getElementById("divClr2").style.backgroundColor = "#2F4538";
        document.getElementById("divClr3").style.backgroundColor = "#2F4538";
        document.getElementById("divClr4").style.backgroundColor = "#2F4538";
        document.getElementById("divClr5").style.backgroundColor = "#2F4538";
        ;
        // document.body.style.backgroundImage = "url('')";
        // $("body").css({"backgroundImage": "url('')"});
        //  document.body.style.backgroundColor ="#2d4537";

    } else if (couleur == 'brun') {
        // document.getElementById("divClr").style.display = "block";
        document.getElementById("divClr").style.backgroundColor = "#382C1E";
        document.getElementById("divClr1").style.backgroundColor = "#382C1E";
        document.getElementById("divClr2").style.backgroundColor = "#382C1E";
        document.getElementById("divClr3").style.backgroundColor = "#382C1E";
        document.getElementById("divClr4").style.backgroundColor = "#382C1E";
        document.getElementById("divClr5").style.backgroundColor = "#382C1E";

        // document.body.style.backgroundImage = "url('')";
        // $("body").css({"backgroundImage": "url('')"});
        //  document.body.style.backgroundColor ="#471b12";

    } else if (couleur == 'bleu') {
        // document.getElementById("divClr").style.display = "block";
        document.getElementById("divClr").style.backgroundColor = "#2d5d9b";
        document.getElementById("divClr1").style.backgroundColor = "#2d5d9b";
        document.getElementById("divClr2").style.backgroundColor = "#2d5d9b";
        document.getElementById("divClr3").style.backgroundColor = "#2d5d9b";
        document.getElementById("divClr4").style.backgroundColor = "#2d5d9b";
        document.getElementById("divClr5").style.backgroundColor = "#2d5d9b";

        // document.body.style.backgroundImage = "url('')";
        //  $("body").css({"backgroundImage": "url('')"});
        // document.body.style.backgroundColor ="#0f294e";

    } else if (couleur == 'rouge') {
        // document.getElementById("divClr").style.display = "block";
        document.getElementById("divClr").style.backgroundColor = "#aa150e";
        document.getElementById("divClr1").style.backgroundColor = "#aa150e";
        document.getElementById("divClr2").style.backgroundColor = "#aa150e";
        document.getElementById("divClr3").style.backgroundColor = "#aa150e";
        document.getElementById("divClr4").style.backgroundColor = "#aa150e";
        document.getElementById("divClr5").style.backgroundColor = "#aa150e";

        // document.body.style.backgroundImage = "url('')";
        //  $("body").css({"backgroundImage": "url('')"});
        // document.body.style.backgroundColor ="#af2d1d";

    } else if (couleur == 'ivoire') {
        // document.getElementById("divClr").style.display = "block";
        document.getElementById("divClr").style.backgroundColor = "#E6D2B5";
        document.getElementById("divClr1").style.backgroundColor = "#E6D2B5";
        document.getElementById("divClr2").style.backgroundColor = "#E6D2B5";
        document.getElementById("divClr3").style.backgroundColor = "#E6D2B5";
        document.getElementById("divClr4").style.backgroundColor = "#E6D2B5";
        document.getElementById("divClr5").style.backgroundColor = "#E6D2B5";

        // document.body.style.backgroundImage = "url('')";
        // $("body").css({"backgroundImage": "url('')"});
        //  document.body.style.backgroundColor ="#e5d691";

    }
}


$("select.colorer").change(function(){
    var couleur2 = $(this).children("option:selected").val();


    if(couleur2=='Ral 1000 - Beige vert'){

        document.getElementById("divClr").style.backgroundColor = "#ccc188";
        document.getElementById("divClr1").style.backgroundColor = "#ccc188";
        document.getElementById("divClr2").style.backgroundColor = "#ccc188";
        document.getElementById("divClr3").style.backgroundColor = "#ccc188";
        document.getElementById("divClr4").style.backgroundColor = "#ccc188";
        document.getElementById("divClr5").style.backgroundColor ="#ccc188";
    }else if(couleur2=='Ral 1001 - Beige'){


        document.getElementById("divClr").style.backgroundColor = "#ceb487";
        document.getElementById("divClr1").style.backgroundColor = "#ceb487";
        document.getElementById("divClr2").style.backgroundColor = "#ceb487";
        document.getElementById("divClr3").style.backgroundColor = "#ceb487";
        document.getElementById("divClr4").style.backgroundColor = "#ceb487";
        document.getElementById("divClr5").style.backgroundColor ="#ceb487";
    }else if(couleur2=='Ral 1002 - Jaune sable'){

        document.getElementById("divClr").style.backgroundColor = "#d0b173";
        document.getElementById("divClr1").style.backgroundColor = "#d0b173";
        document.getElementById("divClr2").style.backgroundColor = "#d0b173";
        document.getElementById("divClr3").style.backgroundColor = "#d0b173";
        document.getElementById("divClr4").style.backgroundColor = "#d0b173";
        document.getElementById("divClr5").style.backgroundColor ="#d0b173";


    }else if(couleur2=='Ral 1003 - Jaune de sécurité'){

        document.getElementById("divClr").style.backgroundColor = "#f2ad00";
        document.getElementById("divClr1").style.backgroundColor = "#f2ad00";
        document.getElementById("divClr2").style.backgroundColor = "#f2ad00";
        document.getElementById("divClr3").style.backgroundColor = "#f2ad00";
        document.getElementById("divClr4").style.backgroundColor = "#f2ad00";
        document.getElementById("divClr5").style.backgroundColor ="#f2ad00";

    }else if(couleur2=='Ral 1004 - Jaune or'){

        document.getElementById("divClr").style.backgroundColor = "#e4a700";
        document.getElementById("divClr1").style.backgroundColor = "#e4a700";
        document.getElementById("divClr2").style.backgroundColor = "#e4a700";
        document.getElementById("divClr3").style.backgroundColor = "#e4a700";
        document.getElementById("divClr4").style.backgroundColor = "#e4a700";
        document.getElementById("divClr5").style.backgroundColor ="#e4a700";
    }else if(couleur2=='Ral 1005 - Jaune miel'){

        document.getElementById("divClr").style.backgroundColor = "#c79600";
        document.getElementById("divClr1").style.backgroundColor = "#c79600";
        document.getElementById("divClr2").style.backgroundColor = "#c79600";
        document.getElementById("divClr3").style.backgroundColor = "#c79600";
        document.getElementById("divClr4").style.backgroundColor = "#c79600";
        document.getElementById("divClr5").style.backgroundColor ="#c79600";
    }else if(couleur2=='Ral 1006 - Jaune maïs'){

        document.getElementById("divClr").style.backgroundColor = "#c79600";
        document.getElementById("divClr1").style.backgroundColor = "#c79600";
        document.getElementById("divClr2").style.backgroundColor = "#c79600";
        document.getElementById("divClr3").style.backgroundColor = "#c79600";
        document.getElementById("divClr4").style.backgroundColor = "#c79600";
        document.getElementById("divClr5").style.backgroundColor ="#c79600";
    }else if(couleur2=='Ral 1007 - Jaune narcisse'){

        document.getElementById("divClr").style.backgroundColor = "#e69400";
        document.getElementById("divClr1").style.backgroundColor = "#e69400";
        document.getElementById("divClr2").style.backgroundColor = "#e69400";
        document.getElementById("divClr3").style.backgroundColor = "#e69400";
        document.getElementById("divClr4").style.backgroundColor = "#e69400";
        document.getElementById("divClr5").style.backgroundColor ="#e69400";
    }else if(couleur2=='Ral 1011 - Beige brun'){

        document.getElementById("divClr").style.backgroundColor = "#af8552";
        document.getElementById("divClr1").style.backgroundColor = "#af8552";
        document.getElementById("divClr2").style.backgroundColor = "#af8552";
        document.getElementById("divClr3").style.backgroundColor = "#af8552";
        document.getElementById("divClr4").style.backgroundColor = "#af8552";
        document.getElementById("divClr5").style.backgroundColor ="#af8552";
    }else if(couleur2=='Ral 1012 - Jaune citron'){

        document.getElementById("divClr").style.backgroundColor = "#d8ba2e";
        document.getElementById("divClr1").style.backgroundColor = "#d8ba2e";
        document.getElementById("divClr2").style.backgroundColor = "#d8ba2e";
        document.getElementById("divClr3").style.backgroundColor = "#d8ba2e";
        document.getElementById("divClr4").style.backgroundColor = "#d8ba2e";
        document.getElementById("divClr5").style.backgroundColor ="#d8ba2e";
    }else if(couleur2=='Ral 1013 - Blanc perlé'){

        document.getElementById("divClr").style.backgroundColor = "#e5dfcc";
        document.getElementById("divClr1").style.backgroundColor = "#e5dfcc";
        document.getElementById("divClr2").style.backgroundColor = "#e5dfcc";
        document.getElementById("divClr3").style.backgroundColor = "#e5dfcc";
        document.getElementById("divClr4").style.backgroundColor = "#e5dfcc";
        document.getElementById("divClr5").style.backgroundColor ="#e5dfcc";
    }else if(couleur2=='Ral 1014 - Ivoire'){

        document.getElementById("divClr").style.backgroundColor = "#dfcea1";
        document.getElementById("divClr1").style.backgroundColor = "#dfcea1";
        document.getElementById("divClr2").style.backgroundColor = "#dfcea1";
        document.getElementById("divClr3").style.backgroundColor = "#dfcea1";
        document.getElementById("divClr4").style.backgroundColor = "#dfcea1";
        document.getElementById("divClr5").style.backgroundColor ="#dfcea1";
    }else if(couleur2=='Ral 1015 - Ivoire clair'){

        document.getElementById("divClr").style.backgroundColor = "#e6d9bd";
        document.getElementById("divClr1").style.backgroundColor = "#e6d9bd";
        document.getElementById("divClr2").style.backgroundColor = "#e6d9bd";
        document.getElementById("divClr3").style.backgroundColor = "#e6d9bd";
        document.getElementById("divClr4").style.backgroundColor = "#e6d9bd";
        document.getElementById("divClr5").style.backgroundColor ="#e6d9bd";

    }else if(couleur2=='Ral 1016 - Jaune soufre'){

        document.getElementById("divClr").style.backgroundColor = "#ecea41";
        document.getElementById("divClr1").style.backgroundColor = "#ecea41";
        document.getElementById("divClr2").style.backgroundColor = "#ecea41";
        document.getElementById("divClr3").style.backgroundColor = "#ecea41";
        document.getElementById("divClr4").style.backgroundColor = "#ecea41";
        document.getElementById("divClr5").style.backgroundColor ="#ecea41";
    }else if(couleur2=='Ral 1017 - Jaune safran'){

        document.getElementById("divClr").style.backgroundColor = "#f6b256";
        document.getElementById("divClr1").style.backgroundColor = "#f6b256";
        document.getElementById("divClr2").style.backgroundColor = "#f6b256";
        document.getElementById("divClr3").style.backgroundColor = "#f6b256";
        document.getElementById("divClr4").style.backgroundColor = "#f6b256";
        document.getElementById("divClr5").style.backgroundColor ="#f6b256";
    }else if(couleur2=='Ral 1018 - Jaune zinc'){

        document.getElementById("divClr").style.backgroundColor = "#fdda38";
        document.getElementById("divClr1").style.backgroundColor = "#fdda38";
        document.getElementById("divClr2").style.backgroundColor = "#fdda38";
        document.getElementById("divClr3").style.backgroundColor = "#fdda38";
        document.getElementById("divClr4").style.backgroundColor = "#fdda38";
        document.getElementById("divClr5").style.backgroundColor ="#fdda38";
    }else if(couleur2=='Ral 1019 - Beige gris'){

        document.getElementById("divClr").style.backgroundColor = "#a6937b";
        document.getElementById("divClr1").style.backgroundColor = "#a6937b";
        document.getElementById("divClr2").style.backgroundColor = "#a6937b";
        document.getElementById("divClr3").style.backgroundColor = "#a6937b";
        document.getElementById("divClr4").style.backgroundColor = "#a6937b";
        document.getElementById("divClr5").style.backgroundColor ="#a6937b";
    }else if(couleur2=='Ral 1020 - Jaune olive'){

        document.getElementById("divClr").style.backgroundColor = "#a09465";
        document.getElementById("divClr1").style.backgroundColor = "#a09465";
        document.getElementById("divClr2").style.backgroundColor = "#a09465";
        document.getElementById("divClr3").style.backgroundColor = "#a09465";
        document.getElementById("divClr4").style.backgroundColor = "#a09465";
        document.getElementById("divClr5").style.backgroundColor ="#a09465";

    }else if(couleur2=='Ral 1021 - Jaune colza'){

        document.getElementById("divClr").style.backgroundColor = "#a09465";
        document.getElementById("divClr1").style.backgroundColor = "#a09465";
        document.getElementById("divClr2").style.backgroundColor = "#a09465";
        document.getElementById("divClr3").style.backgroundColor = "#a09465";
        document.getElementById("divClr4").style.backgroundColor = "#a09465";
        document.getElementById("divClr5").style.backgroundColor ="#a09465";
    }else if(couleur2=='Ral 1023 - Jaune trafic'){

        document.getElementById("divClr").style.backgroundColor = "#f2bf00";
        document.getElementById("divClr1").style.backgroundColor = "#f2bf00";
        document.getElementById("divClr2").style.backgroundColor = "#f2bf00";
        document.getElementById("divClr3").style.backgroundColor = "#f2bf00";
        document.getElementById("divClr4").style.backgroundColor = "#f2bf00";
        document.getElementById("divClr5").style.backgroundColor ="#f2bf00";

    }else if(couleur2=='Ral 1024 - Jaune ocre'){

        document.getElementById("divClr").style.backgroundColor = "#b89650";
        document.getElementById("divClr1").style.backgroundColor = "#b89650";
        document.getElementById("divClr2").style.backgroundColor = "#b89650";
        document.getElementById("divClr3").style.backgroundColor = "#b89650";
        document.getElementById("divClr4").style.backgroundColor = "#b89650";
        document.getElementById("divClr5").style.backgroundColor ="#b89650";

    }else if(couleur2=='Ral 1027 - Jaune curry'){

        document.getElementById("divClr").style.backgroundColor = "#a4861a";
        document.getElementById("divClr1").style.backgroundColor = "#a4861a";
        document.getElementById("divClr2").style.backgroundColor = "#a4861a";
        document.getElementById("divClr3").style.backgroundColor = "#a4861a";
        document.getElementById("divClr4").style.backgroundColor = "#a4861a";
        document.getElementById("divClr5").style.backgroundColor ="#a4861a";

    }else if(couleur2=='Ral 1028 - Jaune melon'){

        document.getElementById("divClr").style.backgroundColor = "#ffa600";
        document.getElementById("divClr1").style.backgroundColor = "#ffa600";
        document.getElementById("divClr2").style.backgroundColor = "#ffa600";
        document.getElementById("divClr3").style.backgroundColor = "#ffa600";
        document.getElementById("divClr4").style.backgroundColor = "#ffa600";
        document.getElementById("divClr5").style.backgroundColor ="#ffa600";

    }else if(couleur2=='Ral 1032 - Jaune genêt'){

        document.getElementById("divClr").style.backgroundColor = "#e2ac00";
        document.getElementById("divClr1").style.backgroundColor = "#e2ac00";
        document.getElementById("divClr2").style.backgroundColor = "#e2ac00";
        document.getElementById("divClr3").style.backgroundColor = "#e2ac00";
        document.getElementById("divClr4").style.backgroundColor = "#e2ac00";
        document.getElementById("divClr5").style.backgroundColor ="#e2ac00";

    }else if(couleur2=='Ral 1033 - Jaune dahlia'){

        document.getElementById("divClr").style.backgroundColor = "#f7a11f";
        document.getElementById("divClr1").style.backgroundColor = "#f7a11f";
        document.getElementById("divClr2").style.backgroundColor = "#f7a11f";
        document.getElementById("divClr3").style.backgroundColor = "#f7a11f";
        document.getElementById("divClr4").style.backgroundColor = "#f7a11f";
        document.getElementById("divClr5").style.backgroundColor ="#f7a11f";

    }else if(couleur2=='Ral 1034 - Jaune pastel'){

        document.getElementById("divClr").style.backgroundColor = "#eba557";
        document.getElementById("divClr1").style.backgroundColor = "#eba557";
        document.getElementById("divClr2").style.backgroundColor = "#eba557";
        document.getElementById("divClr3").style.backgroundColor = "#eba557";
        document.getElementById("divClr4").style.backgroundColor = "#eba557";
        document.getElementById("divClr5").style.backgroundColor ="#eba557";

    }else if(couleur2=='Ral 2000 - Orangé jaune'){

        document.getElementById("divClr").style.backgroundColor = "#d97604";
        document.getElementById("divClr1").style.backgroundColor = "#d97604";
        document.getElementById("divClr2").style.backgroundColor = "#d97604";
        document.getElementById("divClr3").style.backgroundColor = "#d97604";
        document.getElementById("divClr4").style.backgroundColor = "#d97604";
        document.getElementById("divClr5").style.backgroundColor ="#d97604";

    }else if(couleur2=='Ral 2000 - Orangé jaune'){

        document.getElementById("divClr").style.backgroundColor = "#d97604";
        document.getElementById("divClr1").style.backgroundColor = "#d97604";
        document.getElementById("divClr2").style.backgroundColor = "#d97604";
        document.getElementById("divClr3").style.backgroundColor = "#d97604";
        document.getElementById("divClr4").style.backgroundColor = "#d97604";
        document.getElementById("divClr5").style.backgroundColor ="#d97604";

    }else if(couleur2=='Ral 2001 - Orangé rouge'){

        document.getElementById("divClr").style.backgroundColor = "#bb4926";
        document.getElementById("divClr1").style.backgroundColor = "#bb4926";
        document.getElementById("divClr2").style.backgroundColor = "#bb4926";
        document.getElementById("divClr3").style.backgroundColor = "#bb4926";
        document.getElementById("divClr4").style.backgroundColor = "#bb4926";
